33,6
63,110
14,373
63,81
14,248
14,247
14,398
14,393
63,80
14,397
14,391
63,79
14,396
14,392
63,78
14,370
14,368
63,77
14,430
14,367
14,387
14,246
63,76
14,560
14,559
14,553
14,429
14,369
14,374
14,366
63,75
14,380
63,74
14,558
14,551
63,73
14,557
14,550
63,72
14,548
63,8
14,245
14,542
63,71
14,238
14,547
14,350
41,3
60,4
14,556
14,536
63,70
14,365
63,11
63,10
14,526
63,69
14,395
14,386
63,6
63,57
63,68
63,67
14,461
14,372
14,364
63,59
63,63
14,460
63,61
14,244
14,459
14,394
14,384
14,458
14,371
14,362
14,457
14,361
14,447
14,456
14,360
14,455
14,359
14,390
63,55
14,445
14,555
14,454
14,358
14,357
14,428
14,427
14,453
14,452
14,243
14,442
14,451
14,450
14,449
14,448
14,191
14,190
14,189
14,188
14,242
14,187
14,186
14,185
14,184
14,183
63,82
14,182
14,181
14,180
14,241
14,179
14,554
14,178
14,177
14,176
14,175
63,7
14,174
14,173
14,240
14,172
14,441
14,349
14,171
63,9
14,170
14,552
63,5
14,169
63,56
14,168
63,58
14,167
63,62
14,544
14,166
63,60
2,4
14,165
14,239
14,164
14,549
14,543
14,541
14,388
14,163
14,162
14,533
14,161
14,160
14,525
14,159
14,32
14,158
14,157
62,16
14,156
14,155
2,5
2,3
1,3
62,8
62,7
62,6
14,154
14,153
63,3
63,4
57,8
57,7
62,4
62,3
41,4
61,3
57,3
5,3
14,152
57,4
29,7
0,300
0,299
0,298
0,297
0,296
0,295
0,294
0,293
0,292
0,291
0,290
0,289
0,288
0,287
0,286
0,285
0,284
0,283
0,282
0,281
0,280
0,279
0,278
0,277
0,276
0,275
0,274
0,273
0,272
0,271
0,270
0,269
0,268
0,267
0,266
0,265
0,264
0,263
0,262
0,261
0,260
0,259
0,258
0,257
0,256
0,255
0,254
0,253
0,252
0,251
0,250
0,249
0,248
0,247
0,246
0,245
0,244
0,242
0,241
0,240
0,239
0,238
0,237
0,236
0,235
0,234
0,233
0,232
0,231
0,230
0,229
0,228
0,227
0,226
0,225
0,224
0,223
0,222
0,221
0,220
0,219
0,218
0,217
0,216
0,215
0,214
0,213
0,212
0,211
0,210
0,209
0,208
0,207
0,206
0,205
0,204
0,203
0,202
0,200
0,198
0,197
0,196
0,195
0,194
0,193
0,192
0,63
0,62
0,61
0,60
0,59
0,58
0,57
0,56
0,55
0,54
0,53
0,52
0,51
0,50
0,49
0,48
0,47
0,46
0,45
0,6
63,118
57,10
57,9
57,6
57,5
14,8
14,7
14,6
60,3
14,5
0,201
14,3
62,5
0,199
14,431
14,545
62,12
14,375
14,414
14,432
62,15
62,10
62,14
62,9
14,528
14,379
14,378
14,377
14,376
62,13
62,11
14,484
14,483
14,482
14,481
14,480
14,479
14,478
14,477
14,476
14,475
14,474
14,473
14,472
14,471
14,470
14,469
14,468
14,467
14,466
14,465
14,464
14,463
14,462
63,117
63,116
63,115
63,114
63,113
63,112
63,111
61,4
63,66
63,65
63,64
63,127
63,126
63,125
63,124
63,123
63,122
63,121
63,120
63,119
63,2
63,1
63,0
62,2
62,1
62,0
57,2
57,0
53,3
45,4
58,3
58,4
18,4
15,3
21,2
21,5
61,2
26,5
21,4
6,3
58,2
45,2
30,3
60,7
34,3
37,5
37,4
37,2
43,3
18,3
8,4
21,3
17,3
45,3
8,3
48,3
47,3
37,3
33,3
29,3
26,3
0,504
4,3
4,2
4,1
4,0
3,6
3,5
3,4
3,3
3,2
3,1
3,0
2,2
2,1
2,0
1,2
1,1
1,0
0,310
0,309
0,308
0,307
0,301
0,9
57,1
14,2
14,1
14,0
0,243
0,1
0,0
0,5
0,304
0,303
0,306
0,305
0,302
0,12
0,502
0,10
0,8
0,11
0,4
0,2
0,3
0,7
